7.555489812491057444e-01
5.147662134881220153e-01
3.171623215949384011e-01
3.798053761205500978e-01
3.941635754001699410e-01
4.597595166746811790e-01
5.572758940671044270e-01
6.961076747306650381e-01
9.654484146748675277e-01
1.399789892336864128e+00
1.754578710022452581e+00
1.129063924482531789e+00
7.040837074177000998e-01
1.242438549760390476e+00
8.754302425880401417e-01
6.230444427930499351e-01
4.954028166185494020e-01
5.507613068768383302e-01
5.297649750074548969e-01
5.606947861777857867e-01
7.622474674214206880e-01
5.557293549196375970e-01
4.592311714400817424e-01
5.103213786030016408e-01
4.934188295354735576e-01
4.003421164421467893e-01
4.601053178235654517e-01
5.658526755485620008e-01
4.816529139017197148e-01
3.866723517374217045e-01
4.863669985569463172e-01
5.643342120482287561e-01
5.128588632350202792e-01
5.577296818418501223e-01
6.698180023783881776e-01
7.344694882591860097e-01
7.922424057433528066e-01
7.611685485324594103e-01
6.504857126034785386e-01
8.620397490130398133e-01
6.925010770379096403e-01
5.493302181384023264e-01
4.536545249766361088e-01
4.546613669244061740e-01
4.130669732058567800e-01
4.325062378188149759e-01
5.359510283205717318e-01
6.260305016028405722e-01
5.725912088290193713e-01
4.239558061728144200e-01
3.596827151469958461e-01
3.277597920114534435e-01
3.767276200712851297e-01
4.419356521343324462e-01
6.705552496988065325e-01
9.680623003501837021e-01
