3.432550325502781163e-01
5.683671938599216267e-01
1.454113369512371134e+00
1.586897639759203837e+00
1.235894036679672681e+00
1.234757977454035149e+00
1.116546496078981043e+00
1.111507594237459040e+00
1.127629490644310062e+00
1.261571049060903116e+00
1.223866082305005376e+00
1.331561632244317783e+00
7.576770294117187721e-01
1.022255637848000331e+00
1.136779121090172984e+00
1.142902986255334818e+00
8.022134266885859732e-01
1.171410736641125494e+00
1.101841154891646024e+00
8.314348278666566783e-01
1.028859610210921316e+00
5.350478978969538391e-01
6.363075808725265903e-01
4.442417684465599925e-01
4.800415089451427475e-01
8.082908659508275528e-01
5.595296903217095164e-01
1.091595101714568861e+00
5.850791361716282113e-01
7.251814875070407007e-01
6.183816423318346800e-01
7.612672923567607164e-01
6.893440926934023549e-01
6.276988420694428195e-01
7.185111387167395502e-01
6.280754224761091464e-01
4.946835760696576267e-01
7.341748543803946481e-01
6.566463954110012269e-01
7.295081498117783614e-01
7.454491278305548363e-01
7.826584001060332696e-01
8.101762747048635305e-01
6.229786365058876951e-01
7.125155695254551391e-01
7.024884190166280629e-01
6.042470286006775826e-01
5.299643479042391858e-01
5.320065340273189003e-01
5.932538615722833253e-01
8.272933233683065213e-01
4.815244071612577170e-01
7.553243022131482798e-01
7.437230678399223693e-01
6.144069278373869292e-01
8.299028759555585610e-01
8.496381202574019298e-01
7.300055097925809422e-01
9.964872478316194604e-01
8.349476481315591947e-01
9.530920656547234859e-01
1.197403149945885481e+00
9.159108930738177889e-01
1.167952826137295341e+00
1.183916421168075050e+00
9.438124647863309624e-01
7.499673772576540554e-01
7.830608446280683532e-01
1.063211293853573380e+00
1.075168688247594373e+00
9.904992270284155298e-01
8.915839416552415742e-01
1.063155720517344971e+00
7.942381852570349343e-01
1.005851139693844098e+00
8.990300505507415885e-01
1.114270133960571174e+00
1.031625238318692350e+00
1.309404694533187863e+00
1.054386960248751670e+00
8.723664026072611710e-01
1.026418688950696101e+00
1.178857925254554573e+00
9.618624368296800897e-01
1.013611288979654024e+00
9.550497694085929856e-01
1.147447709816138639e+00
1.009527170035488863e+00
9.141037832863785351e-01
1.139587017031923111e+00
8.306642099525505252e-01
8.300194856436122759e-01
5.117358893734221814e-01
7.565168283080014877e-01
8.164590222441082679e-01
8.696709720576337732e-01
5.223064486614128477e-01
1.007294774089319223e+00
8.889681708881567168e-01
1.238089839035295459e+00
1.375640909834346726e+00
8.654205086067267017e-01
8.300023831776992544e-01
9.143785994348933022e-01
7.329461879501641963e-01
7.135428717388024866e-01
8.284060948652298695e-01
8.525361125299703025e-01
1.030821434924215740e+00
8.675435361469738815e-01
7.874333227019921777e-01
6.737069229969104844e-01
7.566057906010651424e-01
6.456658345706542956e-01
6.630516671403159368e-01
8.709096796087268944e-01
7.540765576436718742e-01
7.158608675207256411e-01
8.641965058658406251e-01
9.947023629593693128e-01
5.928490032205785409e-01
6.014095341080868407e-01
6.295240119423358705e-01
6.173679983260961235e-01
7.147198244965119462e-01
8.875601239996723235e-01
7.579535523441938150e-01
5.614409120035707135e-01
5.733712856698592875e-01
4.898863182385213566e-01
8.971345934417092050e-01
5.644574705218231570e-01
5.417187526694693389e-01
5.044878967756071253e-01
5.533322287203895629e-01
5.849399583347021370e-01
6.830222841487172403e-01
6.911113718965662400e-01
8.122062086940085024e-01
7.684473236286684106e-01
6.685741212452840365e-01
5.470802369871109461e-01
9.136508512122355485e-01
8.735406144851942667e-01
8.334943355683019917e-01
6.376472245862487842e-01
7.682735769245951918e-01
7.369439657860857862e-01
6.420583365491283612e-01
8.172134993085120591e-01
5.817576200677074816e-01
6.089889702932596016e-01
4.362481922800209855e-01
5.980007922401403553e-01
8.334596811924083193e-01
6.787229124056025631e-01
4.469505243162119057e-01
6.008765468159696921e-01
6.550207788440240986e-01
8.069760263982607151e-01
6.796384102278322237e-01
7.334710510909447923e-01
6.062547975059429106e-01
5.671160829354117139e-01
6.217337691094593222e-01
4.676107984324487377e-01
5.336021154825186796e-01
8.472718445375136964e-01
5.663567729602219103e-01
6.203464599729597850e-01
8.681497901160092345e-01
7.058072855402900414e-01
4.860890354570044369e-01
6.184320744995497332e-01
9.098050983425741700e-01
6.262770123478222928e-01
4.775211870266874992e-01
6.424094600669340016e-01
8.217003440029037042e-01
6.662225446362440850e-01
9.348932795202743451e-01
6.411636379956110465e-01
6.941205231350040528e-01
6.281221913828222148e-01
7.362077802503483870e-01
6.725812751421559321e-01
4.516458307247263049e-01
5.866309386223367284e-01
5.980909562369941534e-01
6.123904463387451758e-01
6.094030552177596149e-01
9.308436278008542786e-01
7.916608356225849352e-01
1.005633661748811303e+00
7.342599822101113505e-01
8.299346990938766266e-01
6.482186400943911186e-01
5.040250216669708294e-01
5.923774397435647154e-01
5.696029032313573159e-01
9.941289077927523143e-01
